5 k 3 3 Q 1 4 K 1 5 q 3 5
1 5 2 5 2 5 3 5 3 5 5 5
5 Q 5 3 K 3 1 k 5 1
5 3 4 5
5 R 2 5 R 1 4 K 3 3 r 5 2 k 1 1
2 5 3 2
7 k 2 3 Q 4 5 K 6 3
4 5 6 3 2 3 2 2
6 q 6 3 K 3 2 Q 1 4 k 6 5
6 3 2 3 1 4 4 1
10 r 4 10 R 4 8 r 9 10 k 8 2 R 2 6 K 2 4
4 8 4 10 4 10 9 10 2 6 2 1
5 k 4 2 r 4 1 K 5 4 R 1 3 r 2 4
4 2 4 1 1 3 1 2
5 R 1 5 k 5 1 K 3 1 r 2 3 r 3 3
3 3 2 3
6 K 2 1 Q 1 4 R 2 5 r 1 6 R 5 5 r 5 3 k 6 4
6 4 5 5 2 1 3 3
6 R 5 1 K 6 3 r 4 4 Q 1 6 r 3 2 q 1 3 k 1 2
1 6 1 3
5 Q 5 4 k 3 4 K 5 1 R 1 3 R 1 5
1 3 1 1